# N=100, Tmax=1600, anz=4
0.3 
0.30101010101
0.30202020202
0.30303030303
0.30404040404
0.305050505051
0.306060606061
0.307070707071
0.308080808081
0.309090909091
0.310101010101
0.311111111111
0.312121212121
0.313131313131
0.314141414141
0.315151515152
0.316161616162
0.317171717172
0.318181818182
0.319191919192
0.320202020202
0.321212121212
0.322222222222
0.323232323232
0.324242424242
0.325252525253
0.326262626263
0.327272727273
0.328282828283
0.329292929293
0.330303030303
0.331313131313
0.332323232323
0.333333333333
0.334343434343
0.335353535354
0.336363636364
0.337373737374
0.338383838384
0.339393939394
0.340404040404
0.341414141414
0.342424242424
0.343434343434
0.344444444444
0.345454545455
0.346464646465
0.347474747475
0.348484848485
0.349494949495
0.350505050505
0.351515151515
0.352525252525
0.353535353535
0.354545454545
0.355555555556
0.356565656566
0.357575757576
0.358585858586
0.359595959596
0.360606060606
0.361616161616
0.362626262626
0.363636363636
0.364646464646
0.365656565657
0.366666666667
0.367676767677
0.368686868687
0.369696969697
0.370707070707
0.371717171717
0.372727272727
0.373737373737
0.374747474747
0.375757575758
0.376767676768
0.377777777778
0.378787878788
0.379797979798
0.380808080808
0.381818181818
0.382828282828
0.383838383838
0.384848484848
0.385858585859
0.386868686869
0.387878787879
0.388888888889
0.389898989899
0.390909090909
0.391919191919
0.392929292929
0.393939393939
0.394949494949
0.39595959596
0.39696969697
0.39797979798
0.39898989899
0.4
