# N=512, Tmax=8192, anz=10
  0.400000     179.00   0.796875   0.681641   0.553711   0.450195   0.332031   0.185547   0.075195   0.001953   0.000000   0.000000   0.000000   0.000000   0.000000   0.000000 
  0.402041     172.00   0.786133   0.674805   0.561523   0.436523   0.318359   0.214844   0.108398   0.002930   0.000000   0.000000   0.000000   0.000000   0.000000   0.000000 
  0.404082     195.50   0.783203   0.675781   0.585938   0.435547   0.328125   0.220703   0.105469   0.002930   0.000000   0.000000   0.000000   0.000000   0.000000   0.000000 
  0.406122     216.00   0.797852   0.699219   0.583008   0.470703   0.370117   0.225586   0.138672   0.003906   0.000000   0.000000   0.000000   0.000000   0.000000   0.000000 
  0.408163     235.50   0.796875   0.700195   0.573242   0.471680   0.345703   0.259766   0.139648   0.003906   0.000000   0.000000   0.000000   0.000000   0.000000   0.000000 
  0.410204     267.50   0.804688   0.704102   0.569336   0.473633   0.353516   0.236328   0.140625   0.011719   0.000977   0.000000   0.000000   0.000000   0.000000   0.000000 
  0.412245     235.00   0.807617   0.706055   0.595703   0.500000   0.387695   0.279297   0.168945   0.002930   0.000000   0.000000   0.000000   0.000000   0.000000   0.000000 
  0.414286     316.50   0.805664   0.702148   0.604492   0.506836   0.383789   0.288086   0.138672   0.086914   0.001953   0.000000   0.000000   0.000000   0.000000   0.000000 
  0.416327     445.00   0.794922   0.690430   0.604492   0.514648   0.417969   0.304688   0.205078   0.117188   0.004883   0.000000   0.000000   0.000000   0.000000   0.000000 
  0.418367     404.00   0.797852   0.708008   0.601562   0.522461   0.395508   0.315430   0.232422   0.142578   0.002930   0.000000   0.000000   0.000000   0.000000   0.000000 
  0.420408     583.50   0.805664   0.721680   0.611328   0.507812   0.407227   0.315430   0.215820   0.116211   0.060547   0.001953   0.000000   0.000000   0.000000   0.000000 
  0.422449     569.50   0.804688   0.707031   0.620117   0.514648   0.427734   0.330078   0.262695   0.145508   0.050781   0.001953   0.000000   0.000000   0.000000   0.000000 
  0.424490     701.50   0.809570   0.731445   0.632812   0.518555   0.442383   0.360352   0.237305   0.161133   0.051758   0.002930   0.000000   0.000000   0.000000   0.000000 
  0.426531     947.00   0.811523   0.716797   0.614258   0.514648   0.436523   0.335938   0.290039   0.198242   0.107422   0.001953   0.000000   0.000000   0.000000   0.000000 
  0.428571     855.00   0.813477   0.727539   0.627930   0.538086   0.443359   0.393555   0.287109   0.215820   0.120117   0.001953   0.000000   0.000000   0.000000   0.000000 
  0.430612    1514.50   0.811523   0.721680   0.641602   0.575195   0.500000   0.416992   0.315430   0.241211   0.167969   0.071289   0.001953   0.000000   0.000000   0.000000 
  0.432653    2240.50   0.814453   0.723633   0.647461   0.552734   0.482422   0.415039   0.329102   0.257812   0.187500   0.130859   0.042969   0.001953   0.000000   0.000000 
  0.434694    3372.50   0.817383   0.731445   0.643555   0.550781   0.492188   0.425781   0.371094   0.321289   0.259766   0.185547   0.104492   0.001953   0.000000   0.000000 
  0.436735    4609.50   0.823242   0.727539   0.648438   0.552734   0.495117   0.410156   0.364258   0.312500   0.281250   0.245117   0.118164   0.040039   0.000977   0.000000 
  0.438776    8193.00   0.822266   0.724609   0.658203   0.564453   0.492188   0.454102   0.389648   0.325195   0.281250   0.233398   0.233398   0.109375   0.084961   0.084961 
  0.440816    8193.00   0.829102   0.753906   0.647461   0.567383   0.528320   0.456055   0.411133   0.363281   0.344727   0.294922   0.264648   0.200195   0.214844   0.169922 
  0.442857    8193.00   0.837891   0.760742   0.659180   0.574219   0.512695   0.454102   0.447266   0.376953   0.359375   0.352539   0.291992   0.299805   0.333008   0.333008 
  0.444898    8193.00   0.833008   0.749023   0.668945   0.586914   0.535156   0.465820   0.454102   0.396484   0.385742   0.398438   0.348633   0.319336   0.391602   0.347656 
  0.446939    8193.00   0.834961   0.758789   0.670898   0.603516   0.551758   0.504883   0.463867   0.425781   0.427734   0.392578   0.388672   0.405273   0.387695   0.425781 
  0.448980    8193.00   0.824219   0.749023   0.663086   0.592773   0.550781   0.492188   0.475586   0.443359   0.426758   0.456055   0.456055   0.402344   0.464844   0.408203 
  0.451020    8193.00   0.833984   0.765625   0.677734   0.611328   0.550781   0.521484   0.486328   0.477539   0.488281   0.483398   0.459961   0.482422   0.430664   0.448242 
  0.453061    8193.00   0.832031   0.759766   0.681641   0.623047   0.576172   0.543945   0.485352   0.497070   0.477539   0.471680   0.472656   0.490234   0.502930   0.476562 
  0.455102    8193.00   0.842773   0.778320   0.702148   0.626953   0.571289   0.537109   0.510742   0.482422   0.512695   0.504883   0.492188   0.522461   0.480469   0.500000 
  0.457143    8193.00   0.840820   0.764648   0.684570   0.625000   0.589844   0.566406   0.538086   0.520508   0.556641   0.516602   0.541016   0.517578   0.524414   0.512695 
  0.459184    8193.00   0.844727   0.774414   0.700195   0.639648   0.592773   0.581055   0.546875   0.540039   0.546875   0.540039   0.540039   0.534180   0.533203   0.539062 
  0.461224    8193.00   0.852539   0.770508   0.708008   0.649414   0.616211   0.578125   0.564453   0.571289   0.548828   0.547852   0.554688   0.549805   0.548828   0.545898 
  0.463265    8193.00   0.851562   0.761719   0.714844   0.666992   0.613281   0.580078   0.563477   0.544922   0.555664   0.576172   0.552734   0.566406   0.559570   0.581055 
  0.465306    8193.00   0.845703   0.776367   0.703125   0.651367   0.631836   0.606445   0.584961   0.577148   0.591797   0.569336   0.566406   0.558594   0.583984   0.574219 
  0.467347    8193.00   0.847656   0.794922   0.711914   0.670898   0.647461   0.624023   0.591797   0.589844   0.580078   0.604492   0.582031   0.588867   0.596680   0.578125 
  0.469388    8193.00   0.865234   0.793945   0.720703   0.660156   0.625977   0.583984   0.591797   0.634766   0.615234   0.625977   0.610352   0.616211   0.586914   0.580078 
  0.471429    8193.00   0.851562   0.784180   0.720703   0.668945   0.640625   0.619141   0.620117   0.594727   0.610352   0.617188   0.614258   0.603516   0.615234   0.618164 
  0.473469    8193.00   0.851562   0.790039   0.710938   0.674805   0.670898   0.638672   0.641602   0.630859   0.609375   0.598633   0.611328   0.646484   0.637695   0.622070 
  0.475510    8193.00   0.855469   0.801758   0.742188   0.680664   0.655273   0.640625   0.637695   0.639648   0.641602   0.625977   0.628906   0.654297   0.646484   0.617188 
  0.477551    8193.00   0.852539   0.791992   0.735352   0.686523   0.647461   0.632812   0.662109   0.641602   0.635742   0.654297   0.627930   0.642578   0.638672   0.651367 
  0.479592    8193.00   0.864258   0.791992   0.741211   0.700195   0.662109   0.638672   0.672852   0.652344   0.653320   0.656250   0.662109   0.664062   0.659180   0.643555 
  0.481633    8193.00   0.854492   0.801758   0.741211   0.714844   0.698242   0.675781   0.655273   0.659180   0.656250   0.661133   0.654297   0.667969   0.648438   0.640625 
  0.483673    8193.00   0.865234   0.800781   0.751953   0.704102   0.688477   0.680664   0.680664   0.686523   0.662109   0.684570   0.677734   0.673828   0.681641   0.647461 
  0.485714    8193.00   0.866211   0.803711   0.757812   0.708984   0.695312   0.672852   0.666992   0.688477   0.694336   0.695312   0.679688   0.691406   0.667969   0.670898 
  0.487755    8193.00   0.864258   0.812500   0.760742   0.712891   0.705078   0.694336   0.683594   0.692383   0.673828   0.683594   0.690430   0.682617   0.694336   0.685547 
  0.489796    8193.00   0.865234   0.813477   0.753906   0.708008   0.697266   0.708008   0.714844   0.703125   0.691406   0.685547   0.692383   0.692383   0.708008   0.682617 
  0.491837    8193.00   0.875977   0.816406   0.769531   0.727539   0.704102   0.715820   0.699219   0.699219   0.699219   0.682617   0.705078   0.706055   0.707031   0.707031 
  0.493878    8193.00   0.864258   0.808594   0.760742   0.722656   0.729492   0.716797   0.694336   0.716797   0.695312   0.714844   0.713867   0.699219   0.705078   0.703125 
  0.495918    8193.00   0.876953   0.823242   0.763672   0.749023   0.713867   0.724609   0.710938   0.709961   0.709961   0.706055   0.710938   0.708008   0.711914   0.728516 
  0.497959    8193.00   0.859375   0.808594   0.770508   0.747070   0.737305   0.718750   0.723633   0.712891   0.719727   0.716797   0.728516   0.737305   0.719727   0.717773 
  0.500000    8193.00   0.881836   0.814453   0.781250   0.736328   0.729492   0.718750   0.732422   0.736328   0.737305   0.737305   0.719727   0.715820   0.746094   0.730469 
